610.0 11.00
610.0 10.00
610.0 10.00
610.0 10.00
610.0 10.00
610.0 11.00
610.0 10.00
610.0 10.00
610.1 10.00
610.1 10.00
610.1 10.00
610.1 10.00
610.1 10.00
610.1 10.00
610.1 10.00
610.1 10.00
610.2 10.00
610.2 10.00
610.2 10.00
610.2 10.00
610.2 10.00
610.2 10.00
610.2 10.00
610.2 10.00
610.3 10.00
610.3 10.00
610.3 10.00
610.3 10.00
610.3 11.00
610.3 10.00
610.3 10.00
610.3 11.00
610.4 11.00
610.4 11.00
610.4 11.00
610.4 11.00
610.4 12.00
610.4 11.00
610.4 11.00
610.4 10.00
610.5 11.00
610.5 11.00
610.5 10.00
610.5 10.00
610.5 10.00
610.5 10.00
610.5 10.00
610.5 10.00
610.6 10.00
610.6 10.00
610.6 10.00
610.6 11.00
610.6 10.00
610.6 10.00
610.6 10.00
610.6 10.00
610.7 10.00
610.7 10.00
610.7 10.00
610.7 10.00
610.7 10.00
610.7 10.00
610.7 10.00
610.7 10.00
610.8 10.00
610.8 10.00
610.8 10.00
610.8 10.00
610.8 10.00
610.8 10.00
610.8 10.00
610.8 10.00
610.9 10.00
610.9 10.00
610.9 10.00
610.9 10.00
610.9 10.00
610.9 10.00
610.9 10.00
610.9 10.00
611.0 10.00
611.0 10.00
611.0 10.00
611.0 10.00
611.0 10.00
611.0 10.00
611.0 10.00
611.0 10.00
611.1 10.00
611.1 10.00
611.1 10.00
611.1 10.00
611.1 10.00
611.1 10.00
611.1 10.00
611.1 10.00
611.2 10.00
611.2 10.00
611.2 10.00
611.2 10.00
611.2 10.00
611.2 10.00
611.2 10.00
611.2 10.00
611.3 10.00
611.3 10.00
611.3 10.00
611.3 10.00
611.3 10.00
611.3 10.00
611.3 10.00
611.3 10.00
611.4 10.00
611.4 10.00
611.4 10.00
611.4 10.00
611.4 10.00
611.4 10.00
611.4 10.00
611.4 10.00
611.5 10.00
611.5 10.00
611.5 10.00
611.5 10.00
611.5 10.00
611.5 10.00
611.5 10.00
611.5 10.00
611.6 10.00
611.6 10.00
611.6 10.00
611.6 10.00
611.6 10.00
611.6 10.00
611.6 10.00
611.6 10.00
611.7 10.00
611.7 10.00
611.7 10.00
611.7 10.00
611.7 10.00
611.7 10.00
611.7 10.00
611.7 10.00
611.8 10.00
611.8 10.00
611.8 10.00
611.8 10.00
611.8 10.00
611.8 10.00
611.8 10.00
611.8 10.00
611.9 10.00
611.9 10.00
611.9 10.00
611.9 10.00
611.9 10.00
611.9 10.00
611.9 10.00
611.9 10.00
612.0 10.00
612.0 10.00
612.0 10.00
612.0 10.00
612.0 10.00
612.0 10.00
612.0 10.00
612.0 10.00
612.1 10.00
612.1 10.00
612.1 10.00
612.1 10.00
612.1 10.00
612.1 10.00
612.1 10.00
612.1 10.00
612.2 10.00
612.2 10.00
612.2 10.00
612.2 10.00
612.2 10.00
612.2 10.00
612.2 10.00
612.2 10.00
612.3 10.00
612.3 10.00
612.3 10.00
612.3 10.00
612.3 10.00
612.3 10.00
612.3 10.00
612.3 10.00
612.4 10.00
612.4 10.00
612.4 10.00
612.4 10.00
612.4 10.00
612.4 10.00
612.4 10.00
612.4 10.00
612.5 10.00
612.5 10.00
612.5 10.00
612.5 10.00
612.5 10.00
612.5 10.00
612.5 10.00
612.5 10.00
612.6 10.00
612.6 10.00
612.6 10.00
612.6 10.00
612.6 10.00
612.6 10.00
612.6 10.00
612.6 10.00
612.7 10.00
612.7 10.00
612.7 10.00
612.7 10.00
612.7 10.00
612.7 10.00
612.7 10.00
612.7 10.00
612.8 10.00
612.8 10.00
612.8 10.00
612.8 10.00
612.8 10.00
612.8 10.00
612.8 10.00
612.8 10.00
612.9 10.00
612.9 10.00
612.9 10.00
612.9 10.00
612.9 10.00
612.9 10.00
612.9 10.00
612.9 10.00
613.0 10.00
613.0 10.00
613.0 10.00
613.0 10.00
613.0 10.00
613.0 10.00
613.0 10.00
613.0 10.00
613.1 10.00
613.1 10.00
613.1 10.00
613.1 10.00
613.1 10.00
613.1 10.00
613.1 10.00
613.1 10.00
613.2 10.00
613.2 10.00
613.2 10.00
613.2 10.00
613.2 10.00
613.2 10.00
613.2 10.00
613.2 10.00
613.3 10.00
613.3 10.00
613.3 10.00
613.3 10.00
613.3 10.00
613.3 10.00
613.3 10.00
613.3 10.00
613.4 10.00
613.4 10.00
613.4 10.00
613.4 10.00
613.4 10.00
613.4 10.00
613.4 10.00
613.4 10.00
613.5 10.00
613.5 10.00
613.5 10.00
613.5 10.00
613.5 10.00
613.5 10.00
613.5 10.00
613.5 10.00
613.6 10.00
613.6 10.00
613.6 10.00
613.6 10.00
613.6 10.00
613.6 10.00
613.6 10.00
613.6 10.00
613.7 10.00
613.7 10.00
613.7 10.00
613.7 10.00
613.7 10.00
613.7 10.00
613.7 10.00
613.7 10.00
613.8 10.00
613.8 10.00
613.8 10.00
613.8 10.00
613.8 10.00
613.8 10.00
613.8 10.00
613.8 10.00
613.9 10.00
613.9 10.00
613.9 10.00
613.9 10.00
613.9 10.00
613.9 10.00
613.9 10.00
613.9 11.00
614.0 11.00
614.0 10.00
614.0 10.00
614.0 10.00
614.0 10.00
614.0 10.00
614.0 10.00
614.0 10.00
614.1 10.00
614.1 10.00
614.1 10.00
614.1 10.00
614.1 10.00
614.1 10.00
614.1 10.00
614.1 10.00
614.2 10.00
614.2 10.00
614.2 10.00
614.2 10.00
614.2 10.00
614.2 11.00
614.2 10.00
614.2 11.00
614.3 11.00
614.3 11.00
614.3 11.00
614.3 11.00
614.3 11.00
614.3 12.00
614.3 11.00
614.3 11.00
614.4 11.00
614.4 11.00
614.4 10.00
614.4 10.00
614.4 10.00
614.4 10.00
614.4 10.00
614.4 10.00
614.5 10.00
614.5 10.00
614.5 10.00
614.5 10.00
614.5 10.00
614.5 10.00
614.5 10.00
614.5 10.00
614.6 10.00
614.6 10.00
614.6 10.00
614.6 10.00
614.6 10.00
614.6 10.00
614.6 10.00
614.6 10.00
614.7 10.00
614.7 10.00
614.7 10.00
614.7 10.00
614.7 10.00
614.7 10.00
614.7 10.00
614.7 10.00
614.8 10.00
614.8 10.00
614.8 10.00
614.8 10.00
614.8 10.00
614.8 10.00
614.8 10.00
614.8 10.00
614.9 10.00
614.9 10.00
614.9 10.00
614.9 10.00
614.9 10.00
614.9 10.00
614.9 10.00
614.9 10.00
615.0 10.00
615.0 10.00
615.0 10.00
615.0 11.00
615.0 10.00
615.0 11.00
615.0 11.00
615.0 11.00
615.1 11.00
615.1 13.00
615.1 14.00
615.1 17.00
615.1 20.00
615.1 25.00
615.1 33.00
615.1 46.00
615.2 57.00
615.2 71.00
615.2 81.00
615.2 83.00
615.2 81.00
615.2 77.00
615.2 62.00
615.2 51.00
615.3 40.00
615.3 30.00
615.3 22.00
615.3 19.00
615.3 16.00
615.3 13.00
615.3 12.00
615.3 11.00
615.4 10.00
615.4 10.00
615.4 10.00
615.4 11.00
615.4 10.00
615.4 10.00
615.4 10.00
615.4 10.00
615.5 10.00
615.5 10.00
615.5 10.00
615.5 10.00
615.5 10.00
615.5 10.00
615.5 10.00
615.5 10.00
615.6 10.00
615.6 10.00
615.6 10.00
615.6 10.00
615.6 10.00
615.6 10.00
615.6 10.00
615.6 11.00
615.7 11.00
615.7 11.00
615.7 12.00
615.7 12.00
615.7 14.00
615.7 15.00
615.7 18.00
615.7 22.00
615.8 27.00
615.8 36.00
615.8 47.00
615.8 65.00
615.8 84.00
615.8 109.00
615.8 134.00
615.8 148.00
615.9 153.00
615.9 146.00
615.9 133.00
615.9 112.00
615.9 89.00
615.9 64.00
615.9 44.00
615.9 32.00
616.0 23.00
616.0 18.00
616.0 15.00
616.0 13.00
616.0 11.00
616.0 11.00
616.0 11.00
616.0 10.00
616.1 10.00
616.1 10.00
616.1 10.00
616.1 10.00
616.1 11.00
616.1 10.00
616.1 10.00
616.1 10.00
616.2 10.00
616.2 10.00
616.2 10.00
616.2 10.00
616.2 10.00
616.2 10.00
616.2 10.00
616.2 10.00
616.3 10.00
616.3 10.00
616.3 10.00
616.3 10.00
616.3 10.00
616.3 10.00
616.3 10.00
616.3 10.00
616.4 10.00
616.4 10.00
616.4 10.00
616.4 10.00
616.4 10.00
616.4 10.00
616.4 10.00
616.4 10.00
616.5 10.00
616.5 10.00
616.5 10.00
616.5 10.00
616.5 10.00
616.5 10.00
616.5 10.00
616.5 9.000
616.6 10.00
616.6 10.00
616.6 10.00
616.6 10.00
616.6 10.00
616.6 10.00
616.6 10.00
616.6 10.00
616.7 10.00
616.7 10.00
616.7 10.00
616.7 10.00
616.7 10.00
616.7 10.00
616.7 10.00
616.7 11.00
616.8 10.00
616.8 10.00
616.8 11.00
616.8 11.00
616.8 11.00
616.8 11.00
616.8 10.00
616.8 10.00
616.9 10.00
616.9 10.00
616.9 10.00
616.9 10.00
616.9 10.00
616.9 10.00
616.9 10.00
616.9 10.00
617.0 10.00
617.0 10.00
617.0 10.00
617.0 10.00
617.0 10.00
617.0 10.00
617.0 11.00
617.0 11.00
617.1 12.00
617.1 11.00
617.1 11.00
617.1 11.00
617.1 11.00
617.1 11.00
617.1 10.00
617.1 10.00
617.2 10.00
617.2 10.00
617.2 10.00
617.2 10.00
617.2 10.00
617.2 10.00
617.2 10.00
617.2 10.00
617.3 10.00
617.3 10.00
617.3 10.00
617.3 10.00
617.3 10.00
617.3 10.00
617.3 10.00
617.3 10.00
617.4 10.00
617.4 10.00
617.4 10.00
617.4 10.00
617.4 10.00
617.4 10.00
617.4 10.00
617.4 10.00
617.5 10.00
617.5 10.00
617.5 10.00
617.5 10.00
617.5 10.00
617.5 10.00
617.5 10.00
617.5 10.00
617.6 10.00
617.6 10.00
617.6 10.00
617.6 10.00
617.6 10.00
617.6 10.00
617.6 10.00
617.6 10.00
617.7 10.00
617.7 10.00
617.7 10.00
617.7 10.00
617.7 10.00
617.7 10.00
617.7 10.00
617.7 10.00
617.8 10.00
617.8 10.00
617.8 10.00
617.8 10.00
617.8 10.00
617.8 10.00
617.8 10.00
617.8 10.00
617.9 10.00
617.9 10.00
617.9 10.00
617.9 10.00
617.9 10.00
617.9 10.00
617.9 10.00
617.9 10.00
618.0 10.00
618.0 10.00
618.0 10.00
618.0 10.00
618.0 10.00
618.0 10.00
618.0 10.00
618.0 10.00
618.1 10.00
618.1 10.00
618.1 10.00
618.1 10.00
618.1 10.00
618.1 10.00
618.1 10.00
618.1 10.00
618.2 10.00
618.2 10.00
618.2 10.00
618.2 10.00
618.2 10.00
618.2 10.00
618.2 10.00
618.2 10.00
618.3 10.00
618.3 10.00
618.3 10.00
618.3 10.00
618.3 10.00
618.3 10.00
618.3 10.00
618.3 10.00
618.4 10.00
618.4 10.00
618.4 10.00
618.4 10.00
618.4 10.00
618.4 10.00
618.4 10.00
618.4 10.00
618.5 10.00
618.5 10.00
618.5 10.00
618.5 10.00
618.5 10.00
618.5 10.00
618.5 10.00
618.5 10.00
618.6 10.00
618.6 10.00
618.6 10.00
618.6 10.00
618.6 10.00
618.6 10.00
618.6 10.00
618.6 10.00
618.7 10.00
618.7 10.00
618.7 10.00
618.7 10.00
618.7 10.00
618.7 10.00
618.7 10.00
618.7 10.00
618.8 10.00
618.8 10.00
618.8 10.00
618.8 10.00
618.8 10.00
618.8 10.00
618.8 10.00
618.8 10.00
618.9 10.00
618.9 10.00
618.9 10.00
618.9 10.00
618.9 10.00
618.9 10.00
618.9 10.00
618.9 10.00
619.0 10.00
619.0 10.00
619.0 10.00
619.0 10.00
619.0 10.00
619.0 10.00
619.0 10.00
619.0 10.00
619.1 10.00
619.1 10.00
619.1 10.00
619.1 10.00
619.1 10.00
619.1 10.00
619.1 10.00
619.1 10.00
619.2 10.00
619.2 10.00
619.2 10.00
619.2 10.00
619.2 10.00
619.2 10.00
619.2 10.00
619.2 10.00
619.3 10.00
619.3 10.00
619.3 10.00
619.3 10.00
619.3 10.00
619.3 10.00
619.3 10.00
619.3 10.00
619.4 10.00
619.4 10.00
619.4 10.00
619.4 10.00
619.4 10.00
619.4 10.00
619.4 10.00
619.4 10.00
619.5 10.00
619.5 10.00
619.5 10.00
619.5 9.000
619.5 10.00
619.5 10.00
619.5 10.00
619.5 10.00
619.6 10.00
619.6 10.00
619.6 10.00
619.6 10.00
619.6 10.00
619.6 10.00
619.6 10.00
619.6 10.00
619.7 10.00
619.7 10.00
619.7 10.00
619.7 10.00
619.7 10.00
619.7 10.00
619.7 10.00
619.7 10.00
619.8 10.00
619.8 10.00
619.8 10.00
619.8 10.00
619.8 10.00
619.8 10.00
619.8 10.00
619.8 10.00
619.9 10.00
619.9 10.00
619.9 10.00
619.9 9.000
619.9 10.00
619.9 10.00
619.9 10.00
619.9 10.00
620.0 10.00
620.0 0.000
620.0 0.000
620.0 0.000
620.0 0.000
620.0 0.000
620.0 0.000
620.0 0.000
620.1 0.000
620.1 0.000
620.1 0.000
620.1 0.000
620.1 0.000
620.1 0.000
620.1 0.000
620.1 0.000
620.2 0.000
620.2 0.000
620.2 0.000
620.2 0.000
620.2 0.000
620.2 0.000
620.2 0.000
620.2 0.000
620.3 0.000
620.3 0.000
620.3 0.000
620.3 0.000
620.3 0.000
620.3 0.000
620.3 0.000
620.3 0.000
620.4 0.000
620.4 0.000
