565.0 10.00
565.0 10.00
565.0 11.00
565.0 11.00
565.0 11.00
565.0 12.00
565.0 12.00
565.0 13.00
565.1 13.00
565.1 12.00
565.1 12.00
565.1 11.00
565.1 11.00
565.1 11.00
565.1 10.00
565.1 10.00
565.2 10.00
565.2 10.00
565.2 10.00
565.2 9.000
565.2 10.00
565.2 10.00
565.2 10.00
565.2 10.00
565.3 10.00
565.3 10.00
565.3 10.00
565.3 10.00
565.3 10.00
565.3 10.00
565.3 10.00
565.3 10.00
565.4 10.00
565.4 10.00
565.4 10.00
565.4 9.000
565.4 10.00
565.4 10.00
565.4 10.00
565.4 10.00
565.5 10.00
565.5 10.00
565.5 10.00
565.5 10.00
565.5 10.00
565.5 10.00
565.5 10.00
565.5 10.00
565.6 10.00
565.6 10.00
565.6 10.00
565.6 10.00
565.6 10.00
565.6 10.00
565.6 10.00
565.6 10.00
565.7 10.00
565.7 10.00
565.7 10.00
565.7 10.00
565.7 10.00
565.7 10.00
565.7 10.00
565.7 10.00
565.8 10.00
565.8 10.00
565.8 10.00
565.8 10.00
565.8 10.00
565.8 10.00
565.8 10.00
565.8 10.00
565.9 10.00
565.9 10.00
565.9 10.00
565.9 10.00
565.9 10.00
565.9 10.00
565.9 10.00
565.9 10.00
566.0 10.00
566.0 10.00
566.0 10.00
566.0 10.00
566.0 10.00
566.0 10.00
566.0 10.00
566.0 10.00
566.1 10.00
566.1 10.00
566.1 10.00
566.1 10.00
566.1 10.00
566.1 10.00
566.1 10.00
566.1 10.00
566.2 10.00
566.2 10.00
566.2 10.00
566.2 10.00
566.2 10.00
566.2 10.00
566.2 10.00
566.2 10.00
566.3 10.00
566.3 10.00
566.3 10.00
566.3 10.00
566.3 10.00
566.3 10.00
566.3 10.00
566.3 10.00
566.4 10.00
566.4 10.00
566.4 10.00
566.4 10.00
566.4 10.00
566.4 10.00
566.4 10.00
566.4 10.00
566.5 10.00
566.5 10.00
566.5 10.00
566.5 10.00
566.5 10.00
566.5 10.00
566.5 10.00
566.5 10.00
566.6 10.00
566.6 10.00
566.6 10.00
566.6 10.00
566.6 10.00
566.6 10.00
566.6 10.00
566.6 10.00
566.7 10.00
566.7 10.00
566.7 10.00
566.7 10.00
566.7 10.00
566.7 10.00
566.7 10.00
566.7 10.00
566.8 10.00
566.8 10.00
566.8 10.00
566.8 10.00
566.8 10.00
566.8 10.00
566.8 10.00
566.8 10.00
566.9 10.00
566.9 10.00
566.9 10.00
566.9 10.00
566.9 10.00
566.9 10.00
566.9 10.00
566.9 10.00
567.0 10.00
567.0 10.00
567.0 10.00
567.0 10.00
567.0 10.00
567.0 10.00
567.0 10.00
567.0 10.00
567.1 10.00
567.1 10.00
567.1 10.00
567.1 10.00
567.1 10.00
567.1 10.00
567.1 10.00
567.1 10.00
567.2 11.00
567.2 10.00
567.2 10.00
567.2 10.00
567.2 10.00
567.2 10.00
567.2 10.00
567.2 10.00
567.3 10.00
567.3 10.00
567.3 10.00
567.3 10.00
567.3 10.00
567.3 10.00
567.3 10.00
567.3 10.00
567.4 10.00
567.4 10.00
567.4 11.00
567.4 10.00
567.4 10.00
567.4 10.00
567.4 10.00
567.4 10.00
567.5 10.00
567.5 10.00
567.5 10.00
567.5 10.00
567.5 10.00
567.5 10.00
567.5 10.00
567.5 10.00
567.6 11.00
567.6 10.00
567.6 10.00
567.6 11.00
567.6 10.00
567.6 10.00
567.6 10.00
567.6 10.00
567.7 10.00
567.7 10.00
567.7 10.00
567.7 11.00
567.7 10.00
567.7 10.00
567.7 11.00
567.7 10.00
567.8 11.00
567.8 10.00
567.8 10.00
567.8 11.00
567.8 10.00
567.8 10.00
567.8 10.00
567.8 11.00
567.9 10.00
567.9 10.00
567.9 10.00
567.9 10.00
567.9 11.00
567.9 10.00
567.9 10.00
567.9 10.00
568.0 10.00
568.0 11.00
568.0 11.00
568.0 11.00
568.0 11.00
568.0 11.00
568.0 11.00
568.0 11.00
568.1 12.00
568.1 13.00
568.1 14.00
568.1 15.00
568.1 18.00
568.1 19.00
568.1 30.00
568.1 30.00
568.2 53.00
568.2 62.00
568.2 121.00
568.2 135.00
568.2 244.00
568.2 264.00
568.2 375.00
568.2 395.00
568.3 371.00
568.3 387.00
568.3 354.00
568.3 336.00
568.3 222.00
568.3 221.00
568.3 120.00
568.3 105.00
568.4 55.00
568.4 45.00
568.4 24.00
568.4 21.00
568.4 16.00
568.4 14.00
568.4 12.00
568.4 12.00
568.5 12.00
568.5 11.00
568.5 12.00
568.5 11.00
568.5 11.00
568.5 11.00
568.5 11.00
568.5 12.00
568.6 12.00
568.6 11.00
568.6 13.00
568.6 12.00
568.6 13.00
568.6 14.00
568.6 16.00
568.6 16.00
568.7 20.00
568.7 22.00
568.7 31.00
568.7 33.00
568.7 57.00
568.7 61.00
568.7 120.00
568.7 125.00
568.8 248.00
568.8 280.00
568.8 458.00
568.8 543.00
568.8 705.00
568.8 740.00
568.8 826.00
568.8 790.00
568.9 641.00
568.9 600.00
568.9 372.00
568.9 328.00
568.9 183.00
568.9 152.00
568.9 76.00
568.9 64.00
569.0 35.00
569.0 30.00
569.0 19.00
569.0 18.00
569.0 15.00
569.0 14.00
569.0 13.00
569.0 13.00
569.1 12.00
569.1 12.00
569.1 12.00
569.1 12.00
569.1 11.00
569.1 11.00
569.1 11.00
569.1 11.00
569.2 11.00
569.2 11.00
569.2 11.00
569.2 11.00
569.2 11.00
569.2 11.00
569.2 10.00
569.2 11.00
569.3 11.00
569.3 11.00
569.3 10.00
569.3 10.00
569.3 11.00
569.3 10.00
569.3 10.00
569.3 10.00
569.4 11.00
569.4 10.00
569.4 10.00
569.4 10.00
569.4 10.00
569.4 10.00
569.4 10.00
569.4 10.00
569.5 10.00
569.5 10.00
569.5 10.00
569.5 10.00
569.5 10.00
569.5 10.00
569.5 10.00
569.5 10.00
569.6 10.00
569.6 10.00
569.6 10.00
569.6 10.00
569.6 10.00
569.6 11.00
569.6 10.00
569.6 10.00
569.7 10.00
569.7 10.00
569.7 10.00
569.7 10.00
569.7 10.00
569.7 10.00
569.7 10.00
569.7 10.00
569.8 10.00
569.8 10.00
569.8 10.00
569.8 10.00
569.8 10.00
569.8 10.00
569.8 10.00
569.8 10.00
569.9 10.00
569.9 10.00
569.9 10.00
569.9 10.00
569.9 10.00
569.9 10.00
569.9 10.00
569.9 10.00
570.0 10.00
570.0 10.00
570.0 10.00
570.0 11.00
570.0 10.00
570.0 11.00
570.0 11.00
570.0 11.00
570.1 11.00
570.1 13.00
570.1 14.00
570.1 17.00
570.1 20.00
570.1 25.00
570.1 33.00
570.1 46.00
570.2 57.00
