495.0 10.00
495.0 10.00
495.0 10.00
495.0 10.00
495.0 10.00
495.0 10.00
495.0 10.00
495.0 10.00
495.1 10.00
495.1 10.00
495.1 10.00
495.1 10.00
495.1 10.00
495.1 10.00
495.1 10.00
495.1 10.00
495.2 10.00
495.2 10.00
495.2 10.00
495.2 10.00
495.2 10.00
495.2 10.00
495.2 10.00
495.2 10.00
495.3 10.00
495.3 10.00
495.3 10.00
495.3 10.00
495.3 10.00
495.3 10.00
495.3 10.00
495.3 10.00
495.4 10.00
495.4 10.00
495.4 10.00
495.4 10.00
495.4 10.00
495.4 10.00
495.4 10.00
495.4 10.00
495.5 10.00
495.5 10.00
495.5 10.00
495.5 10.00
495.5 10.00
495.5 10.00
495.5 10.00
495.5 10.00
495.6 10.00
495.6 10.00
495.6 10.00
495.6 10.00
495.6 10.00
495.6 10.00
495.6 10.00
495.6 10.00
495.7 10.00
495.7 10.00
495.7 10.00
495.7 10.00
495.7 10.00
495.7 10.00
495.7 10.00
495.7 10.00
495.8 10.00
495.8 10.00
495.8 10.00
495.8 10.00
495.8 10.00
495.8 11.00
495.8 10.00
495.8 10.00
495.9 10.00
495.9 10.00
495.9 10.00
495.9 10.00
495.9 10.00
495.9 10.00
495.9 10.00
495.9 10.00
496.0 10.00
496.0 10.00
496.0 10.00
496.0 10.00
496.0 9.000
496.0 10.00
496.0 10.00
496.0 10.00
496.1 10.00
496.1 10.00
496.1 10.00
496.1 9.000
496.1 10.00
496.1 10.00
496.1 10.00
496.1 9.000
496.2 10.00
496.2 10.00
496.2 10.00
496.2 10.00
496.2 10.00
496.2 10.00
496.2 10.00
496.2 10.00
496.3 9.000
496.3 10.00
496.3 10.00
496.3 10.00
496.3 10.00
496.3 10.00
496.3 10.00
496.3 10.00
496.4 10.00
496.4 10.00
496.4 10.00
496.4 9.000
496.4 10.00
496.4 10.00
496.4 10.00
496.4 10.00
496.5 10.00
496.5 10.00
496.5 10.00
496.5 10.00
496.5 10.00
496.5 10.00
496.5 10.00
496.5 9.000
496.6 9.000
496.6 10.00
496.6 10.00
496.6 10.00
496.6 10.00
496.6 10.00
496.6 10.00
496.6 10.00
496.7 10.00
496.7 10.00
496.7 10.00
496.7 10.00
496.7 10.00
496.7 10.00
496.7 10.00
496.7 9.000
496.8 10.00
496.8 10.00
496.8 10.00
496.8 10.00
496.8 10.00
496.8 10.00
496.8 10.00
496.8 10.00
496.9 10.00
496.9 9.000
496.9 10.00
496.9 9.000
496.9 10.00
496.9 10.00
496.9 10.00
496.9 10.00
497.0 10.00
497.0 10.00
497.0 10.00
497.0 10.00
497.0 10.00
497.0 10.00
497.0 10.00
497.0 10.00
497.1 10.00
497.1 10.00
497.1 10.00
497.1 10.00
497.1 10.00
497.1 9.000
497.1 10.00
497.1 9.000
497.2 10.00
497.2 10.00
497.2 10.00
497.2 10.00
497.2 10.00
497.2 10.00
497.2 10.00
497.2 10.00
497.3 9.000
497.3 10.00
497.3 10.00
497.3 10.00
497.3 10.00
497.3 10.00
497.3 9.000
497.3 10.00
497.4 10.00
497.4 10.00
497.4 10.00
497.4 10.00
497.4 10.00
497.4 9.000
497.4 10.00
497.4 10.00
497.5 10.00
497.5 10.00
497.5 10.00
497.5 10.00
497.5 10.00
497.5 10.00
497.5 10.00
497.5 10.00
497.6 10.00
497.6 10.00
497.6 10.00
497.6 10.00
497.6 10.00
497.6 10.00
497.6 10.00
497.6 10.00
497.7 10.00
497.7 10.00
497.7 10.00
497.7 10.00
497.7 10.00
497.7 10.00
497.7 10.00
497.7 10.00
497.8 10.00
497.8 10.00
497.8 10.00
497.8 9.000
497.8 10.00
497.8 10.00
497.8 10.00
497.8 10.00
497.9 10.00
497.9 10.00
497.9 11.00
497.9 11.00
497.9 12.00
497.9 12.00
497.9 15.00
497.9 16.00
498.0 23.00
498.0 27.00
498.0 42.00
498.0 49.00
498.0 63.00
498.0 73.00
498.0 77.00
498.0 75.00
498.1 70.00
498.1 62.00
498.1 45.00
498.1 38.00
498.1 26.00
498.1 23.00
498.1 17.00
498.1 14.00
498.2 12.00
498.2 12.00
498.2 11.00
498.2 10.00
498.2 10.00
498.2 10.00
498.2 11.00
498.2 10.00
498.3 11.00
498.3 11.00
498.3 10.00
498.3 11.00
498.3 11.00
498.3 12.00
498.3 13.00
498.3 14.00
498.4 17.00
498.4 20.00
498.4 30.00
498.4 35.00
498.4 56.00
498.4 69.00
498.4 97.00
498.4 105.00
498.5 134.00
498.5 136.00
498.5 140.00
498.5 139.00
498.5 116.00
498.5 101.00
498.5 63.00
498.5 49.00
498.6 29.00
498.6 23.00
498.6 15.00
498.6 14.00
498.6 12.00
498.6 11.00
498.6 10.00
498.6 10.00
498.7 10.00
498.7 10.00
498.7 10.00
498.7 10.00
498.7 10.00
498.7 10.00
498.7 10.00
498.7 10.00
498.8 10.00
498.8 10.00
498.8 10.00
498.8 10.00
498.8 10.00
498.8 10.00
498.8 10.00
498.8 10.00
498.9 10.00
498.9 10.00
498.9 10.00
498.9 10.00
498.9 10.00
498.9 10.00
498.9 10.00
498.9 10.00
499.0 10.00
499.0 10.00
499.0 10.00
499.0 10.00
499.0 10.00
499.0 10.00
499.0 10.00
499.0 10.00
499.1 10.00
499.1 10.00
499.1 10.00
499.1 10.00
499.1 10.00
499.1 10.00
499.1 10.00
499.1 10.00
499.2 10.00
499.2 10.00
499.2 10.00
499.2 10.00
499.2 10.00
499.2 10.00
499.2 10.00
499.2 10.00
499.3 10.00
499.3 10.00
499.3 10.00
499.3 10.00
499.3 10.00
499.3 10.00
499.3 10.00
499.3 10.00
499.4 10.00
499.4 10.00
499.4 10.00
499.4 10.00
499.4 10.00
499.4 10.00
499.4 10.00
499.4 10.00
499.5 10.00
499.5 10.00
499.5 10.00
499.5 10.00
499.5 10.00
499.5 10.00
499.5 10.00
499.5 10.00
499.6 10.00
499.6 9.000
499.6 10.00
499.6 10.00
499.6 10.00
499.6 10.00
499.6 10.00
499.6 10.00
499.7 10.00
499.7 10.00
499.7 10.00
499.7 10.00
499.7 10.00
499.7 10.00
499.7 10.00
499.7 10.00
499.8 10.00
499.8 9.000
499.8 10.00
499.8 10.00
499.8 10.00
499.8 10.00
499.8 10.00
499.8 10.00
499.9 10.00
499.9 10.00
499.9 10.00
499.9 9.000
499.9 10.00
499.9 10.00
499.9 10.00
499.9 10.00
500.0 10.00
500.0 10.00
500.0 10.00
500.0 11.00
500.0 10.00
500.0 11.00
500.0 11.00
500.0 11.00
500.1 11.00
500.1 13.00
500.1 14.00
500.1 17.00
500.1 20.00
500.1 25.00
500.1 33.00
500.1 46.00
500.2 57.00
