690.0 56.00
690.0 55.00
690.0 55.00
690.0 54.00
690.0 57.00
690.0 56.00
690.0 56.00
690.0 57.00
690.1 59.00
690.1 58.00
690.1 58.00
690.1 60.00
690.1 59.00
690.1 61.00
690.1 60.00
690.1 62.00
690.2 61.00
690.2 61.00
690.2 62.00
690.2 62.00
690.2 64.00
690.2 64.00
690.2 63.00
690.2 65.00
690.3 64.00
690.3 66.00
690.3 66.00
690.3 65.00
690.3 67.00
690.3 68.00
690.3 67.00
690.3 69.00
690.4 70.00
690.4 71.00
690.4 72.00
690.4 70.00
690.4 69.00
690.4 74.00
690.4 73.00
690.4 75.00
690.5 74.00
690.5 76.00
690.5 77.00
690.5 76.00
690.5 75.00
690.5 76.00
690.5 78.00
690.5 79.00
690.6 81.00
690.6 83.00
690.6 83.00
690.6 82.00
690.6 84.00
690.6 82.00
690.6 85.00
690.6 85.00
690.7 87.00
690.7 88.00
690.7 89.00
690.7 89.00
690.7 92.00
690.7 91.00
690.7 93.00
690.7 94.00
690.8 95.00
690.8 95.00
690.8 98.00
690.8 100.00
690.8 102.00
690.8 104.00
690.8 104.00
690.8 104.00
690.9 107.00
690.9 106.00
690.9 110.00
690.9 112.00
690.9 110.00
690.9 112.00
690.9 114.00
690.9 117.00
691.0 120.00
691.0 119.00
691.0 122.00
691.0 125.00
691.0 126.00
691.0 129.00
691.0 130.00
691.0 131.00
691.1 134.00
691.1 135.00
691.1 139.00
691.1 145.00
691.1 144.00
691.1 150.00
691.1 151.00
691.1 153.00
691.2 154.00
691.2 157.00
691.2 161.00
691.2 164.00
691.2 169.00
691.2 172.00
691.2 176.00
691.2 178.00
691.3 185.00
691.3 188.00
691.3 192.00
691.3 194.00
691.3 201.00
691.3 205.00
691.3 210.00
691.3 215.00
691.4 219.00
691.4 221.00
691.4 229.00
691.4 237.00
691.4 241.00
691.4 249.00
691.4 257.00
691.4 262.00
691.5 269.00
691.5 281.00
691.5 290.00
691.5 299.00
691.5 305.00
691.5 318.00
691.5 325.00
691.5 338.00
691.6 349.00
691.6 360.00
691.6 364.00
691.6 381.00
691.6 389.00
691.6 412.00
691.6 424.00
691.6 436.00
691.7 458.00
691.7 469.00
691.7 491.00
691.7 512.00
691.7 528.00
691.7 547.00
691.7 564.00
691.7 593.00
691.8 616.00
691.8 648.00
691.8 678.00
691.8 713.00
691.8 745.00
691.8 746.00
691.8 810.00
691.8 866.00
691.9 894.00
691.9 949.00
691.9 994.00
691.9 1053.0
691.9 1101.0
691.9 1168.0
691.9 1217.0
691.9 1303.0
692.0 1363.0
692.0 1456.0
692.0 1523.0
692.0 1621.0
692.0 1686.0
692.0 1792.0
692.0 1878.0
692.0 1994.0
692.1 2084.0
692.1 2196.0
692.1 2284.0
692.1 2398.0
692.1 2466.0
692.1 2560.0
692.1 2624.0
692.1 2713.0
692.2 2750.0
692.2 2827.0
692.2 2846.0
692.2 2880.0
692.2 2895.0
692.2 2881.0
692.2 2879.0
692.2 2841.0
692.3 2794.0
692.3 2733.0
692.3 2682.0
692.3 2594.0
692.3 2538.0
692.3 2441.0
692.3 2359.0
692.3 2262.0
692.4 2192.0
692.4 2088.0
692.4 2010.0
692.4 1919.0
692.4 1862.0
692.4 1759.0
692.4 1689.0
692.4 1626.0
692.5 1566.0
692.5 1489.0
692.5 1451.0
692.5 1379.0
692.5 1337.0
692.5 1279.0
692.5 1233.0
692.5 1185.0
692.6 1151.0
692.6 1111.0
692.6 1072.0
692.6 1037.0
692.6 1008.0
692.6 981.00
692.6 959.00
692.6 932.00
692.7 919.00
692.7 897.00
692.7 878.00
692.7 865.00
692.7 850.00
692.7 843.00
692.7 828.00
692.7 827.00
692.8 813.00
692.8 804.00
692.8 805.00
692.8 806.00
692.8 800.00
692.8 796.00
692.8 794.00
692.8 804.00
692.9 798.00
692.9 797.00
692.9 802.00
692.9 814.00
692.9 813.00
692.9 824.00
692.9 837.00
692.9 845.00
693.0 852.00
693.0 866.00
693.0 857.00
693.0 892.00
693.0 905.00
693.0 926.00
693.0 952.00
693.0 966.00
693.1 990.00
693.1 1021.0
693.1 1037.0
693.1 1070.0
693.1 1097.0
693.1 1136.0
693.1 1164.0
693.1 1200.0
693.2 1235.0
693.2 1277.0
693.2 1327.0
693.2 1373.0
693.2 1416.0
693.2 1481.0
693.2 1529.0
693.2 1587.0
693.3 1616.0
693.3 1714.0
693.3 1781.0
693.3 1858.0
693.3 1932.0
693.3 2033.0
693.3 2105.0
693.3 2216.0
693.4 2303.0
693.4 2423.0
693.4 2520.0
693.4 2643.0
693.4 2733.0
693.4 2848.0
693.4 2932.0
693.4 3044.0
693.5 3124.0
693.5 3237.0
693.5 3335.0
693.5 3439.0
693.5 3524.0
693.5 3620.0
693.5 3692.0
693.5 3783.0
693.6 3848.0
693.6 3915.0
693.6 3954.0
693.6 4001.0
693.6 4015.0
693.6 4023.0
693.6 4025.0
693.6 4023.0
693.7 4003.0
693.7 3952.0
693.7 3906.0
693.7 3837.0
693.7 3784.0
693.7 3719.0
693.7 3628.0
693.7 3536.0
693.8 3450.0
693.8 3360.0
693.8 3210.0
693.8 3103.0
693.8 3010.0
693.8 2908.0
693.8 2819.0
693.8 2701.0
693.9 2630.0
693.9 2518.0
693.9 2441.0
693.9 2338.0
693.9 2259.0
693.9 2147.0
693.9 2091.0
693.9 1995.0
694.0 1915.0
694.0 1836.0
694.0 1778.0
694.0 1702.0
694.0 1656.0
694.0 1587.0
694.0 1540.0
694.0 1486.0
694.1 1438.0
694.1 1383.0
694.1 1343.0
694.1 1285.0
694.1 1248.0
694.1 1199.0
694.1 1170.0
694.1 1133.0
694.2 1090.0
694.2 1050.0
694.2 1021.0
694.2 990.00
694.2 962.00
694.2 931.00
694.2 906.00
694.2 879.00
694.3 854.00
694.3 827.00
694.3 799.00
694.3 776.00
694.3 751.00
694.3 732.00
694.3 716.00
694.3 696.00
694.4 675.00
694.4 659.00
694.4 639.00
694.4 624.00
694.4 614.00
694.4 604.00
694.4 582.00
694.4 569.00
694.5 551.00
694.5 541.00
694.5 529.00
694.5 517.00
694.5 506.00
694.5 497.00
694.5 490.00
694.5 477.00
694.6 465.00
694.6 457.00
694.6 450.00
694.6 438.00
694.6 423.00
694.6 424.00
694.6 411.00
694.6 403.00
694.7 397.00
694.7 383.00
694.7 384.00
694.7 372.00
694.7 371.00
694.7 362.00
694.7 357.00
694.7 346.00
694.8 343.00
694.8 336.00
694.8 329.00
694.8 322.00
694.8 323.00
694.8 312.00
694.8 307.00
694.8 303.00
694.9 298.00
694.9 297.00
694.9 291.00
694.9 287.00
694.9 285.00
694.9 274.00
694.9 275.00
694.9 269.00
695.0 264.00
695.0 10.00
695.0 10.00
695.0 11.00
695.0 10.00
695.0 11.00
695.0 11.00
695.0 11.00
695.1 11.00
695.1 13.00
695.1 14.00
695.1 17.00
695.1 20.00
695.1 25.00
695.1 33.00
695.1 46.00
695.2 57.00
